19 9 0 
20 9 0 
19 10 0 
20 10 0 
21 10 0 
19 11 0 
20 11 0 
21 11 0 
22 11 0 
19 12 0 
20 12 0 
21 12 0 
22 12 0 
23 12 0 
19 13 0 
20 13 0 
21 13 0 
22 13 0 
23 13 0 
19 14 0 
20 14 0 
21 14 0 
22 14 0 
23 14 0 
19 15 0 
20 15 0 
21 15 0 
22 15 0 
23 15 0 
19 16 0 
20 16 0 
21 16 0 
22 16 0 
23 16 0 
19 17 0 
20 17 0 
21 17 0 
22 17 0 
23 17 0 
18 18 0 
19 18 0 
20 18 0 
21 18 0 
22 18 0 
18 19 0 
19 19 0 
20 19 0 
21 19 0 
22 19 0 
17 20 0 
18 20 0 
19 20 0 
20 20 0 
21 20 0 
17 21 0 
18 21 0 
19 21 0 
20 21 0 
17 22 0 
18 22 0 
19 22 0 
20 12 1 
21 12 1 
22 12 1 
20 13 1 
21 13 1 
22 13 1 
20 14 1 
21 14 1 
22 14 1 
23 14 1 
20 15 1 
21 15 1 
22 15 1 
23 15 1 
19 16 1 
20 16 1 
21 16 1 
22 16 1 
23 16 1 
19 17 1 
20 17 1 
21 17 1 
22 17 1 
23 17 1 
18 18 1 
19 18 1 
20 18 1 
21 18 1 
22 18 1 
17 19 1 
18 19 1 
19 19 1 
20 19 1 
21 19 1 
22 19 1 
16 20 1 
17 20 1 
18 20 1 
19 20 1 
20 20 1 
21 20 1 
22 20 1 
14 21 1 
15 21 1 
16 21 1 
17 21 1 
18 21 1 
19 21 1 
20 21 1 
21 21 1 
14 22 1 
15 22 1 
16 22 1 
17 22 1 
18 22 1 
19 22 1 
20 22 1 
14 23 1 
15 23 1 
16 23 1 
17 23 1 
18 23 1 
20 15 2 
21 15 2 
22 15 2 
20 16 2 
21 16 2 
22 16 2 
19 17 2 
20 17 2 
21 17 2 
22 17 2 
18 18 2 
19 18 2 
20 18 2 
21 18 2 
22 18 2 
17 19 2 
18 19 2 
19 19 2 
20 19 2 
21 19 2 
22 19 2 
14 20 2 
15 20 2 
16 20 2 
17 20 2 
18 20 2 
19 20 2 
20 20 2 
21 20 2 
11 21 2 
12 21 2 
13 21 2 
14 21 2 
15 21 2 
16 21 2 
17 21 2 
18 21 2 
19 21 2 
20 21 2 
21 21 2 
11 22 2 
12 22 2 
13 22 2 
14 22 2 
15 22 2 
16 22 2 
17 22 2 
18 22 2 
19 22 2 
20 22 2 
12 23 2 
13 23 2 
14 23 2 
15 23 2 
16 23 2 
17 23 2 
18 23 2 
19 23 2 
14 24 2 
15 24 2 
16 24 2 
19 18 3 
20 18 3 
21 18 3 
9 19 3 
10 19 3 
17 19 3 
18 19 3 
19 19 3 
20 19 3 
21 19 3 
8 20 3 
9 20 3 
10 20 3 
11 20 3 
12 20 3 
13 20 3 
14 20 3 
15 20 3 
16 20 3 
17 20 3 
18 20 3 
19 20 3 
20 20 3 
21 20 3 
9 21 3 
10 21 3 
11 21 3 
12 21 3 
13 21 3 
14 21 3 
15 21 3 
16 21 3 
17 21 3 
18 21 3 
19 21 3 
20 21 3 
9 22 3 
10 22 3 
11 22 3 
12 22 3 
13 22 3 
14 22 3 
15 22 3 
16 22 3 
17 22 3 
18 22 3 
19 22 3 
10 23 3 
11 23 3 
12 23 3 
13 23 3 
14 23 3 
15 23 3 
16 23 3 
17 23 3 
18 23 3 
12 24 3 
13 24 3 
14 24 3 
15 24 3 
16 24 3 
7 17 4 
8 17 4 
7 18 4 
8 18 4 
9 18 4 
7 19 4 
8 19 4 
9 19 4 
10 19 4 
11 19 4 
7 20 4 
8 20 4 
9 20 4 
10 20 4 
11 20 4 
12 20 4 
13 20 4 
14 20 4 
15 20 4 
16 20 4 
17 20 4 
18 20 4 
19 20 4 
8 21 4 
9 21 4 
10 21 4 
11 21 4 
12 21 4 
13 21 4 
14 21 4 
15 21 4 
16 21 4 
17 21 4 
18 21 4 
19 21 4 
8 22 4 
9 22 4 
10 22 4 
11 22 4 
12 22 4 
13 22 4 
14 22 4 
15 22 4 
16 22 4 
17 22 4 
18 22 4 
10 23 4 
11 23 4 
12 23 4 
13 23 4 
14 23 4 
15 23 4 
16 23 4 
17 23 4 
12 24 4 
13 24 4 
14 24 4 
15 24 4 
6 14 5 
7 14 5 
6 15 5 
7 15 5 
8 15 5 
6 16 5 
7 16 5 
8 16 5 
6 17 5 
7 17 5 
8 17 5 
9 17 5 
6 18 5 
7 18 5 
8 18 5 
9 18 5 
10 18 5 
6 19 5 
7 19 5 
8 19 5 
9 19 5 
10 19 5 
11 19 5 
7 20 5 
8 20 5 
9 20 5 
10 20 5 
11 20 5 
12 20 5 
13 20 5 
7 21 5 
8 21 5 
9 21 5 
10 21 5 
11 21 5 
12 21 5 
13 21 5 
14 21 5 
15 21 5 
16 21 5 
8 22 5 
9 22 5 
10 22 5 
11 22 5 
12 22 5 
13 22 5 
14 22 5 
15 22 5 
16 22 5 
9 23 5 
10 23 5 
11 23 5 
12 23 5 
13 23 5 
14 23 5 
15 23 5 
16 23 5 
12 24 5 
13 24 5 
7 11 6 
8 11 6 
6 12 6 
7 12 6 
8 12 6 
5 13 6 
6 13 6 
7 13 6 
8 13 6 
5 14 6 
6 14 6 
7 14 6 
8 14 6 
5 15 6 
6 15 6 
7 15 6 
8 15 6 
5 16 6 
6 16 6 
7 16 6 
8 16 6 
9 16 6 
5 17 6 
6 17 6 
7 17 6 
8 17 6 
9 17 6 
6 18 6 
7 18 6 
8 18 6 
9 18 6 
10 18 6 
6 19 6 
7 19 6 
8 19 6 
9 19 6 
10 19 6 
11 19 6 
6 20 6 
7 20 6 
8 20 6 
9 20 6 
10 20 6 
11 20 6 
12 20 6 
7 21 6 
8 21 6 
9 21 6 
10 21 6 
11 21 6 
12 21 6 
13 21 6 
8 22 6 
9 22 6 
10 22 6 
11 22 6 
12 22 6 
13 22 6 
14 22 6 
10 23 6 
11 23 6 
12 23 6 
13 23 6 
9 8 7 
7 9 7 
8 9 7 
9 9 7 
10 9 7 
6 10 7 
7 10 7 
8 10 7 
9 10 7 
6 11 7 
7 11 7 
8 11 7 
9 11 7 
5 12 7 
6 12 7 
7 12 7 
8 12 7 
9 12 7 
5 13 7 
6 13 7 
7 13 7 
8 13 7 
9 13 7 
5 14 7 
6 14 7 
7 14 7 
8 14 7 
9 14 7 
5 15 7 
6 15 7 
7 15 7 
8 15 7 
9 15 7 
5 16 7 
6 16 7 
7 16 7 
8 16 7 
9 16 7 
5 17 7 
6 17 7 
7 17 7 
8 17 7 
9 17 7 
6 18 7 
7 18 7 
8 18 7 
9 18 7 
6 19 7 
7 19 7 
8 19 7 
9 19 7 
10 19 7 
7 20 7 
8 20 7 
9 20 7 
10 20 7 
11 20 7 
8 21 7 
9 21 7 
10 21 7 
11 21 7 
10 22 7 
9 7 8 
10 7 8 
11 7 8 
12 7 8 
7 8 8 
8 8 8 
9 8 8 
10 8 8 
11 8 8 
12 8 8 
7 9 8 
8 9 8 
9 9 8 
10 9 8 
11 9 8 
6 10 8 
7 10 8 
8 10 8 
9 10 8 
10 10 8 
5 11 8 
6 11 8 
7 11 8 
8 11 8 
9 11 8 
10 11 8 
5 12 8 
6 12 8 
7 12 8 
8 12 8 
9 12 8 
5 13 8 
6 13 8 
7 13 8 
8 13 8 
9 13 8 
5 14 8 
6 14 8 
7 14 8 
8 14 8 
9 14 8 
5 15 8 
6 15 8 
7 15 8 
8 15 8 
5 16 8 
6 16 8 
7 16 8 
8 16 8 
6 17 8 
7 17 8 
8 17 8 
9 17 8 
6 18 8 
7 18 8 
8 18 8 
9 18 8 
7 19 8 
8 19 8 
9 19 8 
10 6 9 
11 6 9 
12 6 9 
13 6 9 
14 6 9 
8 7 9 
9 7 9 
10 7 9 
11 7 9 
12 7 9 
13 7 9 
14 7 9 
15 7 9 
7 8 9 
8 8 9 
9 8 9 
10 8 9 
11 8 9 
12 8 9 
13 8 9 
14 8 9 
6 9 9 
7 9 9 
8 9 9 
9 9 9 
10 9 9 
11 9 9 
12 9 9 
13 9 9 
6 10 9 
7 10 9 
8 10 9 
9 10 9 
10 10 9 
11 10 9 
6 11 9 
7 11 9 
8 11 9 
9 11 9 
10 11 9 
5 12 9 
6 12 9 
7 12 9 
8 12 9 
9 12 9 
5 13 9 
6 13 9 
7 13 9 
8 13 9 
9 13 9 
5 14 9 
6 14 9 
7 14 9 
8 14 9 
6 15 9 
7 15 9 
8 15 9 
6 16 9 
7 16 9 
8 16 9 
7 17 9 
12 5 10 
13 5 10 
14 5 10 
15 5 10 
9 6 10 
10 6 10 
11 6 10 
12 6 10 
13 6 10 
14 6 10 
15 6 10 
16 6 10 
17 6 10 
8 7 10 
9 7 10 
10 7 10 
11 7 10 
12 7 10 
13 7 10 
14 7 10 
15 7 10 
16 7 10 
17 7 10 
18 7 10 
7 8 10 
8 8 10 
9 8 10 
10 8 10 
11 8 10 
12 8 10 
13 8 10 
14 8 10 
15 8 10 
16 8 10 
17 8 10 
18 8 10 
7 9 10 
8 9 10 
9 9 10 
10 9 10 
11 9 10 
12 9 10 
13 9 10 
14 9 10 
15 9 10 
16 9 10 
6 10 10 
7 10 10 
8 10 10 
9 10 10 
10 10 10 
11 10 10 
6 11 10 
7 11 10 
8 11 10 
9 11 10 
10 11 10 
6 12 10 
7 12 10 
8 12 10 
9 12 10 
6 13 10 
7 13 10 
8 13 10 
7 14 10 
12 5 11 
13 5 11 
14 5 11 
15 5 11 
16 5 11 
10 6 11 
11 6 11 
12 6 11 
13 6 11 
14 6 11 
15 6 11 
16 6 11 
17 6 11 
18 6 11 
9 7 11 
10 7 11 
11 7 11 
12 7 11 
13 7 11 
14 7 11 
15 7 11 
16 7 11 
17 7 11 
18 7 11 
19 7 11 
8 8 11 
9 8 11 
10 8 11 
11 8 11 
12 8 11 
13 8 11 
14 8 11 
15 8 11 
16 8 11 
17 8 11 
18 8 11 
19 8 11 
20 8 11 
8 9 11 
9 9 11 
10 9 11 
11 9 11 
12 9 11 
13 9 11 
14 9 11 
15 9 11 
16 9 11 
17 9 11 
18 9 11 
19 9 11 
20 9 11 
7 10 11 
8 10 11 
9 10 11 
10 10 11 
11 10 11 
18 10 11 
19 10 11 
20 10 11 
8 11 11 
9 11 11 
13 5 12 
14 5 12 
15 5 12 
16 5 12 
11 6 12 
12 6 12 
13 6 12 
14 6 12 
15 6 12 
16 6 12 
17 6 12 
18 6 12 
10 7 12 
11 7 12 
12 7 12 
13 7 12 
14 7 12 
15 7 12 
16 7 12 
17 7 12 
18 7 12 
19 7 12 
20 7 12 
10 8 12 
11 8 12 
12 8 12 
13 8 12 
14 8 12 
15 8 12 
16 8 12 
17 8 12 
18 8 12 
19 8 12 
20 8 12 
10 9 12 
11 9 12 
12 9 12 
13 9 12 
14 9 12 
15 9 12 
16 9 12 
17 9 12 
18 9 12 
19 9 12 
20 9 12 
21 9 12 
17 10 12 
18 10 12 
19 10 12 
20 10 12 
21 10 12 
18 11 12 
19 11 12 
20 11 12 
21 11 12 
22 11 12 
19 12 12 
20 12 12 
21 12 12 
22 12 12 
21 13 12 
13 6 13 
14 6 13 
15 6 13 
16 6 13 
17 6 13 
18 6 13 
12 7 13 
13 7 13 
14 7 13 
15 7 13 
16 7 13 
17 7 13 
18 7 13 
19 7 13 
20 7 13 
13 8 13 
14 8 13 
15 8 13 
16 8 13 
17 8 13 
18 8 13 
19 8 13 
20 8 13 
21 8 13 
15 9 13 
16 9 13 
17 9 13 
18 9 13 
19 9 13 
20 9 13 
21 9 13 
17 10 13 
18 10 13 
19 10 13 
20 10 13 
21 10 13 
22 10 13 
18 11 13 
19 11 13 
20 11 13 
21 11 13 
22 11 13 
19 12 13 
20 12 13 
21 12 13 
22 12 13 
19 13 13 
20 13 13 
21 13 13 
22 13 13 
23 13 13 
20 14 13 
21 14 13 
22 14 13 
20 15 13 
21 15 13 
22 15 13 
21 16 13 
22 16 13 
16 6 14 
17 6 14 
15 7 14 
16 7 14 
17 7 14 
18 7 14 
19 7 14 
15 8 14 
16 8 14 
17 8 14 
18 8 14 
19 8 14 
20 8 14 
21 8 14 
16 9 14 
17 9 14 
18 9 14 
19 9 14 
20 9 14 
21 9 14 
17 10 14 
18 10 14 
19 10 14 
20 10 14 
21 10 14 
22 10 14 
18 11 14 
19 11 14 
20 11 14 
21 11 14 
22 11 14 
23 11 14 
19 12 14 
20 12 14 
21 12 14 
22 12 14 
23 12 14 
19 13 14 
20 13 14 
21 13 14 
22 13 14 
23 13 14 
19 14 14 
20 14 14 
21 14 14 
22 14 14 
23 14 14 
20 15 14 
21 15 14 
22 15 14 
23 15 14 
20 16 14 
21 16 14 
22 16 14 
23 16 14 
20 17 14 
21 17 14 
22 17 14 
20 18 14 
21 18 14 
22 18 14 
20 19 14 
21 19 14 
18 8 15 
19 8 15 
20 8 15 
18 9 15 
19 9 15 
20 9 15 
21 9 15 
18 10 15 
19 10 15 
20 10 15 
21 10 15 
22 10 15 
19 11 15 
20 11 15 
21 11 15 
22 11 15 
19 12 15 
20 12 15 
21 12 15 
22 12 15 
23 12 15 
19 13 15 
20 13 15 
21 13 15 
22 13 15 
23 13 15 
19 14 15 
20 14 15 
21 14 15 
22 14 15 
23 14 15 
19 15 15 
20 15 15 
21 15 15 
22 15 15 
23 15 15 
19 16 15 
20 16 15 
21 16 15 
22 16 15 
23 16 15 
19 17 15 
20 17 15 
21 17 15 
22 17 15 
23 17 15 
19 18 15 
20 18 15 
21 18 15 
22 18 15 
18 19 15 
19 19 15 
20 19 15 
21 19 15 
22 19 15 
18 20 15 
19 20 15 
20 20 15 
21 20 15 
18 21 15 
19 21 15 
20 21 15 
20 10 16 
21 10 16 
20 11 16 
21 11 16 
22 11 16 
20 12 16 
21 12 16 
22 12 16 
20 13 16 
21 13 16 
22 13 16 
23 13 16 
20 14 16 
21 14 16 
22 14 16 
23 14 16 
19 15 16 
20 15 16 
21 15 16 
22 15 16 
23 15 16 
19 16 16 
20 16 16 
21 16 16 
22 16 16 
23 16 16 
19 17 16 
20 17 16 
21 17 16 
22 17 16 
23 17 16 
18 18 16 
19 18 16 
20 18 16 
21 18 16 
22 18 16 
23 18 16 
17 19 16 
18 19 16 
19 19 16 
20 19 16 
21 19 16 
22 19 16 
16 20 16 
17 20 16 
18 20 16 
19 20 16 
20 20 16 
21 20 16 
15 21 16 
16 21 16 
17 21 16 
18 21 16 
19 21 16 
20 21 16 
21 21 16 
15 22 16 
16 22 16 
17 22 16 
18 22 16 
19 22 16 
16 23 16 
17 23 16 
21 13 17 
22 13 17 
20 14 17 
21 14 17 
22 14 17 
20 15 17 
21 15 17 
22 15 17 
19 16 17 
20 16 17 
21 16 17 
22 16 17 
23 16 17 
19 17 17 
20 17 17 
21 17 17 
22 17 17 
18 18 17 
19 18 17 
20 18 17 
21 18 17 
22 18 17 
17 19 17 
18 19 17 
19 19 17 
20 19 17 
21 19 17 
22 19 17 
15 20 17 
16 20 17 
17 20 17 
18 20 17 
19 20 17 
20 20 17 
21 20 17 
13 21 17 
14 21 17 
15 21 17 
16 21 17 
17 21 17 
18 21 17 
19 21 17 
20 21 17 
21 21 17 
12 22 17 
13 22 17 
14 22 17 
15 22 17 
16 22 17 
17 22 17 
18 22 17 
19 22 17 
20 22 17 
13 23 17 
14 23 17 
15 23 17 
16 23 17 
17 23 17 
18 23 17 
21 16 18 
19 17 18 
20 17 18 
21 17 18 
22 17 18 
18 18 18 
19 18 18 
20 18 18 
21 18 18 
22 18 18 
17 19 18 
18 19 18 
19 19 18 
20 19 18 
21 19 18 
10 20 18 
11 20 18 
12 20 18 
13 20 18 
14 20 18 
15 20 18 
16 20 18 
17 20 18 
18 20 18 
19 20 18 
20 20 18 
21 20 18 
10 21 18 
11 21 18 
12 21 18 
13 21 18 
14 21 18 
15 21 18 
16 21 18 
17 21 18 
18 21 18 
19 21 18 
20 21 18 
10 22 18 
11 22 18 
12 22 18 
13 22 18 
14 22 18 
15 22 18 
16 22 18 
17 22 18 
18 22 18 
19 22 18 
20 22 18 
11 23 18 
12 23 18 
13 23 18 
14 23 18 
15 23 18 
16 23 18 
17 23 18 
18 23 18 
13 24 18 
14 24 18 
15 24 18 
16 24 18 
8 18 19 
9 18 19 
7 19 19 
8 19 19 
9 19 19 
10 19 19 
11 19 19 
18 19 19 
19 19 19 
20 19 19 
8 20 19 
9 20 19 
10 20 19 
11 20 19 
12 20 19 
13 20 19 
14 20 19 
15 20 19 
16 20 19 
17 20 19 
18 20 19 
19 20 19 
20 20 19 
8 21 19 
9 21 19 
10 21 19 
11 21 19 
12 21 19 
13 21 19 
14 21 19 
15 21 19 
16 21 19 
17 21 19 
18 21 19 
19 21 19 
20 21 19 
9 22 19 
10 22 19 
11 22 19 
12 22 19 
13 22 19 
14 22 19 
15 22 19 
16 22 19 
17 22 19 
18 22 19 
19 22 19 
10 23 19 
11 23 19 
12 23 19 
13 23 19 
14 23 19 
15 23 19 
16 23 19 
17 23 19 
18 23 19 
12 24 19 
13 24 19 
14 24 19 
15 24 19 
16 24 19 
7 15 20 
6 16 20 
7 16 20 
8 16 20 
6 17 20 
7 17 20 
8 17 20 
9 17 20 
6 18 20 
7 18 20 
8 18 20 
9 18 20 
10 18 20 
6 19 20 
7 19 20 
8 19 20 
9 19 20 
10 19 20 
11 19 20 
7 20 20 
8 20 20 
9 20 20 
10 20 20 
11 20 20 
12 20 20 
13 20 20 
14 20 20 
15 20 20 
16 20 20 
7 21 20 
8 21 20 
9 21 20 
10 21 20 
11 21 20 
12 21 20 
13 21 20 
14 21 20 
15 21 20 
16 21 20 
17 21 20 
18 21 20 
8 22 20 
9 22 20 
10 22 20 
11 22 20 
12 22 20 
13 22 20 
14 22 20 
15 22 20 
16 22 20 
17 22 20 
18 22 20 
9 23 20 
10 23 20 
11 23 20 
12 23 20 
13 23 20 
14 23 20 
15 23 20 
16 23 20 
17 23 20 
12 24 20 
13 24 20 
14 24 20 
15 24 20 
7 12 21 
6 13 21 
7 13 21 
8 13 21 
6 14 21 
7 14 21 
8 14 21 
5 15 21 
6 15 21 
7 15 21 
8 15 21 
5 16 21 
6 16 21 
7 16 21 
8 16 21 
9 16 21 
5 17 21 
6 17 21 
7 17 21 
8 17 21 
9 17 21 
6 18 21 
7 18 21 
8 18 21 
9 18 21 
10 18 21 
6 19 21 
7 19 21 
8 19 21 
9 19 21 
10 19 21 
11 19 21 
6 20 21 
7 20 21 
8 20 21 
9 20 21 
10 20 21 
11 20 21 
12 20 21 
13 20 21 
7 21 21 
8 21 21 
9 21 21 
10 21 21 
11 21 21 
12 21 21 
13 21 21 
14 21 21 
8 22 21 
9 22 21 
10 22 21 
11 22 21 
12 22 21 
13 22 21 
14 22 21 
15 22 21 
10 23 21 
11 23 21 
12 23 21 
13 23 21 
14 23 21 
7 10 22 
8 10 22 
9 10 22 
6 11 22 
7 11 22 
8 11 22 
9 11 22 
6 12 22 
7 12 22 
8 12 22 
9 12 22 
5 13 22 
6 13 22 
7 13 22 
8 13 22 
5 14 22 
6 14 22 
7 14 22 
8 14 22 
9 14 22 
5 15 22 
6 15 22 
7 15 22 
8 15 22 
9 15 22 
5 16 22 
6 16 22 
7 16 22 
8 16 22 
9 16 22 
5 17 22 
6 17 22 
7 17 22 
8 17 22 
9 17 22 
5 18 22 
6 18 22 
7 18 22 
8 18 22 
9 18 22 
10 18 22 
6 19 22 
7 19 22 
8 19 22 
9 19 22 
10 19 22 
7 20 22 
8 20 22 
9 20 22 
10 20 22 
11 20 22 
7 21 22 
8 21 22 
9 21 22 
10 21 22 
11 21 22 
12 21 22 
9 22 22 
10 22 22 
11 22 22 
12 22 22 
10 7 23 
8 8 23 
9 8 23 
10 8 23 
11 8 23 
7 9 23 
8 9 23 
9 9 23 
10 9 23 
11 9 23 
6 10 23 
7 10 23 
8 10 23 
9 10 23 
10 10 23 
6 11 23 
7 11 23 
8 11 23 
9 11 23 
5 12 23 
6 12 23 
7 12 23 
8 12 23 
9 12 23 
5 13 23 
6 13 23 
7 13 23 
8 13 23 
9 13 23 
5 14 23 
6 14 23 
7 14 23 
8 14 23 
9 14 23 
5 15 23 
6 15 23 
7 15 23 
8 15 23 
9 15 23 
5 16 23 
6 16 23 
7 16 23 
8 16 23 
9 16 23 
5 17 23 
6 17 23 
7 17 23 
8 17 23 
9 17 23 
6 18 23 
7 18 23 
8 18 23 
9 18 23 
6 19 23 
7 19 23 
8 19 23 
9 19 23 
7 20 23 
8 20 23 
9 20 23 
10 20 23 
9 21 23 
10 6 24 
11 6 24 
12 6 24 
13 6 24 
8 7 24 
9 7 24 
10 7 24 
11 7 24 
12 7 24 
13 7 24 
14 7 24 
7 8 24 
8 8 24 
9 8 24 
10 8 24 
11 8 24 
12 8 24 
13 8 24 
6 9 24 
7 9 24 
8 9 24 
9 9 24 
10 9 24 
11 9 24 
12 9 24 
6 10 24 
7 10 24 
8 10 24 
9 10 24 
10 10 24 
11 10 24 
5 11 24 
6 11 24 
7 11 24 
8 11 24 
9 11 24 
10 11 24 
5 12 24 
6 12 24 
7 12 24 
8 12 24 
9 12 24 
5 13 24 
6 13 24 
7 13 24 
8 13 24 
9 13 24 
5 14 24 
6 14 24 
7 14 24 
8 14 24 
5 15 24 
6 15 24 
7 15 24 
8 15 24 
5 16 24 
6 16 24 
7 16 24 
8 16 24 
6 17 24 
7 17 24 
8 17 24 
7 18 24 
8 18 24 
12 5 25 
13 5 25 
9 6 25 
10 6 25 
11 6 25 
12 6 25 
13 6 25 
14 6 25 
15 6 25 
16 6 25 
8 7 25 
9 7 25 
10 7 25 
11 7 25 
12 7 25 
13 7 25 
14 7 25 
15 7 25 
16 7 25 
7 8 25 
8 8 25 
9 8 25 
10 8 25 
11 8 25 
12 8 25 
13 8 25 
14 8 25 
15 8 25 
16 8 25 
7 9 25 
8 9 25 
9 9 25 
10 9 25 
11 9 25 
12 9 25 
13 9 25 
6 10 25 
7 10 25 
8 10 25 
9 10 25 
10 10 25 
11 10 25 
6 11 25 
7 11 25 
8 11 25 
9 11 25 
10 11 25 
6 12 25 
7 12 25 
8 12 25 
9 12 25 
6 13 25 
7 13 25 
8 13 25 
6 14 25 
7 14 25 
8 14 25 
6 15 25 
7 15 25 
12 5 26 
13 5 26 
14 5 26 
15 5 26 
16 5 26 
10 6 26 
11 6 26 
12 6 26 
13 6 26 
14 6 26 
15 6 26 
16 6 26 
17 6 26 
8 7 26 
9 7 26 
10 7 26 
11 7 26 
12 7 26 
13 7 26 
14 7 26 
15 7 26 
16 7 26 
17 7 26 
18 7 26 
8 8 26 
9 8 26 
10 8 26 
11 8 26 
12 8 26 
13 8 26 
14 8 26 
15 8 26 
16 8 26 
17 8 26 
18 8 26 
19 8 26 
7 9 26 
8 9 26 
9 9 26 
10 9 26 
11 9 26 
12 9 26 
13 9 26 
14 9 26 
15 9 26 
16 9 26 
17 9 26 
18 9 26 
19 9 26 
7 10 26 
8 10 26 
9 10 26 
10 10 26 
11 10 26 
7 11 26 
8 11 26 
9 11 26 
7 12 26 
8 12 26 
12 5 27 
13 5 27 
14 5 27 
15 5 27 
16 5 27 
10 6 27 
11 6 27 
12 6 27 
13 6 27 
14 6 27 
15 6 27 
16 6 27 
17 6 27 
18 6 27 
9 7 27 
10 7 27 
11 7 27 
12 7 27 
13 7 27 
14 7 27 
15 7 27 
16 7 27 
17 7 27 
18 7 27 
19 7 27 
9 8 27 
10 8 27 
11 8 27 
12 8 27 
13 8 27 
14 8 27 
15 8 27 
16 8 27 
17 8 27 
18 8 27 
19 8 27 
20 8 27 
8 9 27 
9 9 27 
10 9 27 
11 9 27 
12 9 27 
13 9 27 
14 9 27 
15 9 27 
16 9 27 
17 9 27 
18 9 27 
19 9 27 
20 9 27 
21 9 27 
9 10 27 
10 10 27 
17 10 27 
18 10 27 
19 10 27 
20 10 27 
21 10 27 
19 11 27 
20 11 27 
21 11 27 
14 5 28 
15 5 28 
16 5 28 
12 6 28 
13 6 28 
14 6 28 
15 6 28 
16 6 28 
17 6 28 
18 6 28 
19 6 28 
11 7 28 
12 7 28 
13 7 28 
14 7 28 
15 7 28 
16 7 28 
17 7 28 
18 7 28 
19 7 28 
20 7 28 
11 8 28 
12 8 28 
13 8 28 
14 8 28 
15 8 28 
16 8 28 
17 8 28 
18 8 28 
19 8 28 
20 8 28 
21 8 28 
14 9 28 
15 9 28 
16 9 28 
17 9 28 
18 9 28 
19 9 28 
20 9 28 
21 9 28 
17 10 28 
18 10 28 
19 10 28 
20 10 28 
21 10 28 
22 10 28 
18 11 28 
19 11 28 
20 11 28 
21 11 28 
22 11 28 
19 12 28 
20 12 28 
21 12 28 
22 12 28 
20 13 28 
21 13 28 
22 13 28 
20 14 28 
21 14 28 
22 14 28 
14 6 29 
15 6 29 
16 6 29 
17 6 29 
18 6 29 
14 7 29 
15 7 29 
16 7 29 
17 7 29 
18 7 29 
19 7 29 
20 7 29 
14 8 29 
15 8 29 
16 8 29 
17 8 29 
18 8 29 
19 8 29 
20 8 29 
21 8 29 
16 9 29 
17 9 29 
18 9 29 
19 9 29 
20 9 29 
21 9 29 
22 9 29 
17 10 29 
18 10 29 
19 10 29 
20 10 29 
21 10 29 
22 10 29 
18 11 29 
19 11 29 
20 11 29 
21 11 29 
22 11 29 
19 12 29 
20 12 29 
21 12 29 
22 12 29 
23 12 29 
19 13 29 
20 13 29 
21 13 29 
22 13 29 
23 13 29 
20 14 29 
21 14 29 
22 14 29 
23 14 29 
20 15 29 
21 15 29 
22 15 29 
23 15 29 
20 16 29 
21 16 29 
22 16 29 
20 17 29 
21 17 29 
22 17 29 
17 7 30 
18 7 30 
19 7 30 
17 8 30 
18 8 30 
19 8 30 
20 8 30 
17 9 30 
18 9 30 
19 9 30 
20 9 30 
21 9 30 
18 10 30 
19 10 30 
20 10 30 
21 10 30 
22 10 30 
18 11 30 
19 11 30 
20 11 30 
21 11 30 
22 11 30 
19 12 30 
20 12 30 
21 12 30 
22 12 30 
23 12 30 
19 13 30 
20 13 30 
21 13 30 
22 13 30 
23 13 30 
19 14 30 
20 14 30 
21 14 30 
22 14 30 
23 14 30 
19 15 30 
20 15 30 
21 15 30 
22 15 30 
23 15 30 
19 16 30 
20 16 30 
21 16 30 
22 16 30 
23 16 30 
19 17 30 
20 17 30 
21 17 30 
22 17 30 
23 17 30 
19 18 30 
20 18 30 
21 18 30 
22 18 30 
19 19 30 
20 19 30 
21 19 30 
19 20 30 
20 20 30 
